0000000000000000000220000000000000000000
0000000000000000111221110000000000000000
0000000000000111112222111110000000000000
0000000000111111112222111111110000000000
0000000111111111122222211111111110000000
0000111111111111222222221111111111110000
0111111111111112222222222111111111111110
2222222222222223333333333222222222222222
1122222222222233333333333322222222222211
0111122222222233333333333322222222211110
0011111122222333333333333332222211111100
0011111111223333333333333333221111111100
0001111111112333333333333332111111111000
0001111111122223333333333222211111111000
0000111111222222233333322222221111110000
0000011111222222222332222222221111100000
0000011112222222211111122222222111100000
0000001112222221111111111222222111000000
0000000122221111111111111111222210000000
0000000221111111111111111111111220000000
0000000000000000000000000000000000000000
0000000000000000000000000000000000000000
